200
./arima.pkl
predict_result.jpg
3.384200
3.410000
3.487500
3.513300
3.513300
3.565000
3.565000
3.616700
3.720000
3.720000
3.745800
3.745800
3.771700
3.823300
3.849200
3.849200
3.875000
3.926700
3.926700
3.978300
4.030000
4.055800
4.159200
4.159200
4.185000
4.236700
4.288300
4.340000
4.365800
4.443300
4.495000
4.546700
4.572500
4.598300
4.650000
4.753300
4.805000
4.856700
4.882500
4.882500
4.882500
4.908400
5.063400
5.089200
5.115000
5.115000
5.192500
5.270000
5.218400
5.295900
5.321700
5.399200
5.425000
5.528400
5.580000
5.605900
5.709200
5.709200
5.786700
5.786700
5.735000
5.812500
5.915900
5.941700
5.941700
5.941700
5.890000
5.915900
5.890000
5.838400
5.890000
5.915900
6.019200
6.019200
5.993400
5.993400
6.045000
6.122500
6.096700
5.993400
5.890000
5.838400
5.890000
5.941700
5.941700
5.941700
5.941700
6.045000
6.096700
6.122500
6.251700
6.355000
6.432500
6.510000
6.535900
6.561700
6.742500
6.613400
6.561700
6.561700
6.535900
6.535900
6.535900
6.716700
6.845900
6.871700
6.949200
7.285000
7.646700
7.465900
7.491700
7.336700
7.181700
7.233400
7.285000
7.465900
7.595000
7.672500
7.775900
8.085900
8.266700
8.085900
7.982500
7.801700
7.646700
7.698400
7.801700
7.982500
8.060000
8.008400
8.215000
8.680000
9.093400
8.886700
8.938400
8.835000
8.809200
8.886700
8.912500
9.119200
9.248400
9.403400
9.532500
9.868400
10.436700
10.281700
10.281700
10.255900
10.049200
10.178400
10.230000
10.462500
10.565900
10.488400
10.695000
11.005000
11.547500
11.289200
11.211700
10.927500
10.720900
10.798400
10.979200
11.340900
11.547500
11.521700
11.625000
12.038400
12.451700
12.064200
12.141700
12.064200
11.909200
12.064200
12.245000
12.425900
12.425900
12.322500
12.245000
12.658400
13.355900
12.994200
12.942500
12.787500
12.529200
12.735900
13.071700
13.407600
13.459200
13.355900
13.407600
14.079200
14.492500
14.440900
14.440900
14.285900
14.001700
14.130900
14.492500
15.215900
15.319200
15.035000
15.112500
15.887600
16.455900
16.249200
16.094200
15.887600
15.732600
15.835900
16.068400
16.455900
16.352600
16.068400
16.068400
16.791700
17.540900
17.308400
17.075900
16.791700
16.507600
16.714200
17.385900
17.928400
17.670100
17.179200
17.230900
17.876700
18.496700
18.186700
17.954200
17.334200
16.998400
17.437600
17.928400
18.651700
18.703400
18.135100
18.057600
19.013400
20.020900
19.685100
19.581700
19.116700
18.987600
19.581700
20.098400
20.511700
20.718400
19.788400
19.736700
20.873400
21.751800
21.441700
21.545100
20.821700
20.201700
20.718400
21.235100
22.061700
22.087600
21.054200
20.821700
21.596700
22.630100
22.165100
21.855100
21.493400
21.493400
21.958400
22.475100
23.534300
23.663400
22.733400
22.397600
23.327600
24.722600
24.076800
23.921800
23.043400
22.940100
23.715100
24.438400
25.110100
25.110100
24.076800
23.921800
24.825900
26.272600
25.962600
25.471800
24.515900
24.515900
25.316800
26.453400
27.305900
26.918400
25.549300
25.239300
26.479300
28.210100
27.357600
27.280100
26.840900
26.634300
27.512600
29.269300
30.070100
29.424300
27.900100
27.280100
28.804300
29.940900
29.269300
29.321000
28.649300
28.158400
29.165900
30.483400
31.516800
31.361800
29.837600
29.036800
30.509300
31.749300
31.697600
31.258500
30.276800
30.044300
31.206800
33.867600
34.875100
33.841800
31.723500
31.310100
32.731000
34.522700
33.946900
32.894100
32.636700
31.562900
32.943300
34.030300
34.418400
33.384600
33.318800
33.839500
35.872700
37.211200
36.287800
35.994300
34.345600
33.964300
36.124300
36.777200
38.101000
37.258200
35.482100
36.120900
38.741200
40.164600
39.742000
39.009000
37.154100
36.347300
38.966500
40.864900
42.228500
40.388600
38.736100
39.779400
41.202000
43.086900
42.557800
41.621500
40.198200
39.932100
41.184700
43.223000
44.813900
43.600700
40.546700
40.938500
42.111700
44.951700
44.369600
42.754800
41.423400
40.829500
43.548800
45.187600
46.109100
45.505000
43.949600
44.003000
45.605400
48.839300
50.019100
47.842100
44.512700
42.106200
43.821700
45.396400
47.989200
46.829300
44.688200
47.197900
52.176000
55.934200
53.997400
50.510200
46.819200
44.928900
47.458900
49.316800
51.091000
50.082600
47.079400
47.882900
49.796800
53.821200
51.656300
49.798500
46.831900
45.416100
47.108700
50.705600
51.737100
48.674200
47.117200
47.751600
52.937900
55.698900
54.411500
52.139500
49.336900
46.106600
47.376900
50.525100
52.258500
49.432000
46.747600
47.798100
54.411200
60.612100
56.933700
52.918700
48.718500
46.681100
49.248600
52.022000
53.379100
51.101300
49.137300
53.257900
60.820700
66.106500
61.355300
54.987500
50.511400
49.316200
52.314700
55.760100
55.929000
53.225500
50.742300
51.898300
59.584200
65.468100
64.463200
58.732200
51.413700
49.991200
53.198200
55.515600
57.513200
55.059400
52.199300
54.054100
60.757600
68.707500
68.121200
61.374000
55.272200
51.404800
53.247300
55.441800
57.647600
54.232200
52.755800
54.645600
60.087400
65.381000
64.772100
60.880700
53.111400
49.799200
52.426800
58.525400
60.410500
57.738000
54.763700
56.461600
63.441300
69.271500
63.634100
60.102700
54.144600
52.248400
56.491500
60.622000
60.650600
56.372900
54.684100
55.724900
63.434500
70.672700
64.272800
59.775900
54.109000
49.857700
52.706500
56.643700
57.192300
54.000000
51.702200
54.065500
58.766400
65.962800
59.162000
57.314000
52.971800
49.170700
51.710300
57.931400
61.588000
57.807800
53.775300
55.798000
65.630100
73.268800
66.254500
63.280100
57.450100
55.149900
57.927300
60.677500
62.359600
58.082700
54.721200
57.167300
63.349200
72.680300
70.847900
62.616600
57.610600
55.446700
58.222800
62.759100
63.392100
60.750700
56.455300
58.138500
68.875800
73.495600
68.163700
62.392300
57.191500
55.959900
60.033600
65.907700
64.645000
61.174200
57.697800
59.496400
68.330200
74.017300
70.254000
65.796600
60.322900
59.024500
64.034500
69.028200
70.236900
64.298700
60.540200
62.621900
70.767100
80.083300
76.363100
70.495400
63.424400
61.577600
67.274100
73.167600
75.947900
67.722300
63.459200
65.270600
74.049200
78.136800
76.849900
73.537700
65.267600
63.861700
68.658700
74.249100
75.270400
69.510700
66.062000
69.255500
84.404000
84.644700
77.422100
73.420500
67.463600
66.014500
71.653500
76.837600
77.326500
73.277000
67.623700
68.767500
77.917900
86.291400
77.802700
73.606100
67.354900
69.022800
75.083900
80.348800
79.405200
73.812600
68.957200
72.715600
79.739100
85.556000
80.417800
74.739000
69.836700
67.378100
71.419700
77.726300
76.779100
72.568100
69.236300
73.717500
84.781800
88.228700
84.791900
79.688500
71.273100
67.911100
74.550300
82.336600
82.290600
74.832300
69.875800
74.627800
84.466900
94.401700
87.405300
79.475100
71.181700
69.593400
78.198800
83.528700
82.132100
75.918100
71.480200
75.475400
85.077200
92.741200
87.667000
81.520500
74.045700
73.500300
78.550300
86.242500
89.806300
78.744200
73.935300
79.890300
91.093300
99.268800
93.169100
87.207500
77.471500
76.933700
82.195800
86.232100
86.824000
79.442500
74.911000
81.300000
90.753000
98.748200
90.048600
83.267100
76.379300
74.077700
80.013800
88.716800
88.048700
82.180100
77.726600
82.280200
92.362300
95.070100
88.083800
86.812500
76.982800
78.265200
86.712300
94.107800
93.795400
87.791500
80.329600
81.674200
91.955100
102.446700
91.467100
91.023600
80.749700
79.637300
88.120400
97.775700
96.701400
87.488500
80.864700
82.439500
94.774600
102.497100
94.521800
88.346300
81.666200
84.723500
91.329300
96.301100
99.673400
90.951500
83.378000
88.245800
102.690100
109.341600
97.395300
93.056400
83.133200
82.782700
90.664800
96.328300
99.813200
88.513600
82.900600
83.146100
93.279600
103.260400
95.459300
93.510000
86.051700
85.504300
93.485600
102.693600
101.912100
93.560800
87.129300
88.804700
101.043900
110.429200
104.082800
94.801500
85.312400
85.741800
91.369500
102.524300
104.771600
93.184100
86.753400
88.828000
103.816200
113.996000
106.437800
95.662600
86.984900
89.324000
95.810400
102.100700
100.499200
94.299800
87.773200
89.829700
105.978700
111.449600
101.949800
99.232400
86.679300
87.378400
99.738200
108.800500
109.990100
99.556300
90.169500
90.629700
108.497700
104.812800
101.631000
98.693200
87.703400
90.238800
100.783600
111.369600
111.989800
96.121200
90.686900
92.592200
103.365800
112.385400
112.129800
99.469000
91.045000
92.300100
101.263600
107.935600
114.503100
101.859200
93.282000
94.147500
107.040700
115.166600
108.519000
100.709300
91.209400
91.443100
104.175600
111.080000
107.894300
98.009700
91.239700
94.032100
109.658300
117.104100
104.658500
98.004400
88.321700
87.729300
97.553500
104.167300
106.004800
95.094200
89.381100
89.457600
110.877700
119.247300
110.752500
98.343000
86.261200
90.845900
104.477400
113.138600
113.255000
100.337200
89.065300
92.834300
114.536700
119.747500
107.496500
99.184800
89.356800
90.090300
102.927300
114.932600
113.765000
99.582100
90.324100
93.748600
107.330900
111.835100
103.343300
93.405100
87.453900
92.770400
101.244600
113.386600
110.167100
96.901400
90.260900
94.211100
105.020300
115.232300
106.451200
102.670100
90.613600
90.700000
100.663100
110.358300
108.422800
99.342700
91.667100
96.984500
113.346500
124.021600
112.679600
104.415800
89.801700
91.861000
101.642200
108.633000
108.389200
100.423800
92.136600
99.111400
108.978300
119.931700
116.139300
104.021800
89.154400
90.695000
102.886300
111.982600
110.764300
101.799600
90.988800
92.211300
102.322200
116.892600
105.961400
94.233900
88.161500
89.471100
103.425800
114.194600
115.501500
102.239800
90.849900
92.603200
114.021900
116.474600
99.539300
101.006300
87.037400
90.359100
100.441200
111.237100
107.758300
97.081300
92.302000
97.721400
117.237700
128.907100
107.671100
104.571600
93.449100
93.240500
103.308300
113.317800
113.275800
101.565600
95.320300
103.575000
112.949800
123.768700
113.073600
106.653800
88.646000
92.377600
