[104.46441819 114.59868214 113.77598583 102.65488398  95.07632321
 100.17043192 114.56593489 124.29265778 111.1473961  105.39667639
  92.03920775  94.16448998 105.42276296 115.42842149 114.56077791
 103.42396712  95.83991612 100.932106   115.32693835 125.05342686
 111.90808327 106.15733493  92.79985628  94.925135   106.18340677
 116.18906487 115.32142115 104.1846103   96.60055928 101.69274915
 116.0875815  125.81407001 112.66872642 106.91797808  93.56049943
  95.68577816 106.94404992 116.94970802 116.0820643  104.94525345
  97.36120243 102.4533923  116.84822465 126.57471316 113.42936957
 107.67862123  94.32114258  96.44642131 107.70469307 117.71035117
 116.84270745 105.7058966   98.12184558 103.21403545 117.6088678
 127.33535631 114.19001272 108.43926438  95.08178573  97.20706446
 108.46533622 118.47099432 117.6033506  106.46653975  98.88248873
 103.97467861 118.36951095 128.09599946 114.95065587 109.19990753
  95.84242888  97.96770761 109.22597937 119.23163747 118.36399375
 107.2271829   99.64313188 104.73532176 119.1301541  128.85664261
 115.71129902 109.96055068  96.60307203  98.72835076 109.98662252
 119.99228062 119.1246369  107.98782605 100.40377503 105.49596491
 119.89079725 129.61728576 116.47194217 110.72119383  97.36371518
  99.48899391 110.74726567 120.75292377 119.88528005 108.7484692
 101.16441818 106.25660806 120.6514404  130.37792891 117.23258532
 111.48183698  98.12435833 100.24963706 111.50790882 121.51356692
 120.6459232  109.50911235 101.92506133 107.01725121 121.41208355
 131.13857206 117.99322847 112.24248013  98.88500148 101.01028021
 112.26855197 122.27421007 121.40656635 110.26975551 102.68570448
 107.77789436 122.17272671 131.89921522 118.75387162 113.00312328
  99.64564464 101.77092336 113.02919512 123.03485322 122.1672095
 111.03039866 103.44634763 108.53853751 122.93336986 132.65985837
 119.51451477 113.76376643 100.40628779 102.53156651 113.78983827
 123.79549637 122.92785265 111.79104181 104.20699078 109.29918066
 123.69401301 133.42050152 120.27515792 114.52440958 101.16693094
 103.29220966 114.55048142 124.55613952 123.6884958  112.55168496
 104.96763393 110.05982381 124.45465616 134.18114467 121.03580107
 115.28505273 101.92757409 104.05285281 115.31112457 125.31678268
 124.44913895 113.31232811 105.72827709 110.82046696 125.21529931
 134.94178782 121.79644422 116.04569588 102.68821724 104.81349596
 116.07176772 126.07742583 125.2097821  114.07297126 106.48892024
 111.58111011 125.97594246 135.70243097 122.55708738 116.80633903
 103.44886039 105.57413911 116.83241088 126.83806898 125.97042525
 114.83361441 107.24956339 112.34175326 126.73658561 136.46307412]


predict result file: predict_result.jpg

-------------------------------------------

